BulletRevised= [1.2469504339447754e-16, 9.255567899891422e-15, 1.0530246124309875e-12, 9.758450022022018e-11, 6.681513693208332e-09, 3.249184060738208e-07, 1.1110206877691075e-05, 0.00026713374051460256, 0.004534684058319183, 0.054694930116811216, 0.4727163256969512, 2.958758931282693, 13.595157173511843, 46.67551991958941, 122.35353544087651, 252.11488554376626, 424.3706581735489, 600.220708024806, 783.4739348107499, 969.7281731750667, 1157.3045067117102, 1403.665920466227, 1679.2400921569774, 2038.1304797806454, 2415.5567277926607, 2821.596648025674, 3236.281031838228, 3690.9867285205614, 4078.807821282332, 4438.254950898221, 4708.2908280437405, 5004.1007241864345, 5268.465303827208, 5499.824869757776, 5631.223135147406, 5789.833715939427, 5845.1283380722225, 5861.817170763105, 5839.427210183934, 5840.944603913159, 5743.538516671942, 5613.7802132141, 5400.511441874857, 5228.387178436854, 5045.3116476382, 4813.591012942902, 4648.631756707866, 4465.847017729332, 4324.0402828494425, 4233.780972385757, 4245.627826482498]
A3667= [1.4071928203344387e-19, 3.92125073790987e-18, 2.0694221266188167e-16, 1.1894555563611843e-14, 6.103564282564694e-13, 2.5628761481699057e-11, 8.573746970850386e-10, 2.270039099749249e-08, 4.756833392598026e-07, 7.909669736436445e-06, 0.00010477958049809373, 0.0011110988239217356, 0.009481553817015919, 0.06548853874918402, 0.3685510000121833, 1.7031300670172012, 6.519143940615948, 20.45743831341531, 55.4038604144591, 128.35052583543103, 253.34829444952575, 447.39361097005445, 694.4519917627191, 998.5298512031148, 1318.895375336479, 1661.6131391182469, 2034.051616471555, 2481.230471735998, 2945.4978069412878, 3447.7454195027162, 3931.486012320513, 4488.467777374232, 5076.031731888418, 5687.738956712712, 6232.839921467883, 6818.59210005028, 7258.665521163011, 7593.1965906380065, 7815.156646492797, 8028.068730502753, 8082.255207639661, 8064.4197232334645, 7878.437330306139, 7682.502652401107, 7400.862641077709, 6991.410128357203, 6643.222459033272, 6256.548981114115, 5945.001202913453, 5749.889118996099, 5742.738597445804]
MACSJ0025= [0.015885622181701625, 0.09801984318316413, 0.4730214945289244, 1.8398919262869617, 6.3132625839578695, 19.17348994353335, 51.39284152387289, 121.55348364310291, 254.78680450373943, 478.145683794088, 815.1522111799952, 1279.6295381145571, 1871.9953898075134, 2584.628060131516, 3386.6890946902618, 4239.441825210311, 5103.384181519857, 5827.2925689581425, 6617.270130296564, 7351.266907652369, 7899.434507414857, 8569.604249634542, 9136.281774995166, 9947.871458897045, 10750.93888533355, 11703.258149187, 12811.766194409785, 14329.515996978476, 15950.8437799094, 17810.78879554667, 19654.068576052494, 22075.509913181326, 24791.033171420822, 27684.077485602436, 30465.18250191215, 33820.253811945186, 37192.899543120686, 40900.07555049302, 44990.378216095734, 50215.699256494634, 55541.40600316211, 61731.41400143282, 67955.34459884423, 75199.65059727288, 82689.12176760375, 89356.24951485278, 96623.89021204539, 102162.11634211573, 105936.66053203275, 107925.70980564061, 109665.8888851916]
