BulletRevised= [1.2469504339447754e-16, 9.255567899891422e-15, 1.0530246124309875e-12, 9.758450022022018e-11, 6.681513693208332e-09, 3.249184060738208e-07, 1.1110206877691075e-05, 0.00026713374051460256, 0.004534684058319183, 0.054694930116811216, 0.4727163256969512, 2.958758931282693, 13.595157173511843, 46.67551991958941, 122.35353544087651, 252.11488554376626, 424.3706581735489, 600.220708024806, 783.4739348107499, 969.7281731750667, 1157.3045067117102, 1403.665920466227, 1679.2400921569774, 2038.1304797806454, 2415.5567277926607, 2821.596648025674, 3236.281031838228, 3690.9867285205614, 4078.807821282332, 4438.254950898221, 4708.2908280437405, 5004.1007241864345, 5268.465303827208, 5499.824869757776, 5631.223135147406, 5789.833715939427, 5845.1283380722225, 5861.817170763105, 5839.427210183934, 5840.944603913159, 5743.538516671942, 5613.7802132141, 5400.511441874857, 5228.387178436854, 5045.3116476382, 4813.591012942902, 4648.631756707866, 4465.847017729332, 4324.0402828494425, 4233.780972385757, 4245.627826482498]
A3667= [1.4071928203344387e-19, 3.92125073790987e-18, 2.0694221266188167e-16, 1.1894555563611843e-14, 6.103564282564694e-13, 2.5628761481699057e-11, 8.573746970850386e-10, 2.270039099749249e-08, 4.756833392598026e-07, 7.909669736436445e-06, 0.00010477958049809373, 0.0011110988239217356, 0.009481553817015919, 0.06548853874918402, 0.3685510000121833, 1.7031300670172012, 6.519143940615948, 20.45743831341531, 55.4038604144591, 128.35052583543103, 253.34829444952575, 447.39361097005445, 694.4519917627191, 998.5298512031148, 1318.895375336479, 1661.6131391182469, 2034.051616471555, 2481.230471735998, 2945.4978069412878, 3447.7454195027162, 3931.486012320513, 4488.467777374232, 5076.031731888418, 5687.738956712712, 6232.839921467883, 6818.59210005028, 7258.665521163011, 7593.1965906380065, 7815.156646492797, 8028.068730502753, 8082.255207639661, 8064.4197232334645, 7878.437330306139, 7682.502652401107, 7400.862641077709, 6991.410128357203, 6643.222459033272, 6256.548981114115, 5945.001202913453, 5749.889118996099, 5742.738597445804]
MACSJ1149= [3.6253840891363484e-50, 1.8839885862497713e-46, 7.922628043051468e-42, 2.155947708247066e-37, 3.265784125941352e-33, 2.746519637362621e-29, 1.2894128702608516e-25, 3.3968782565077724e-22, 5.049300195842454e-19, 4.262708309592181e-16, 2.0625501208554787e-13, 5.77165708630528e-11, 9.447009536298907e-09, 9.171141038761041e-07, 5.357095436434294e-05, 0.0019141099479380976, 0.042617855629251744, 0.5916124857307887, 5.454658597921426, 33.523319742872225, 138.74506643128106, 413.0621400344702, 886.6678813711126, 1481.6086788226362, 1979.3998501973992, 2316.621400873893, 2590.579920997246, 3003.3975570016923, 3586.182693147585, 4380.285369976299, 5246.786541202041, 6222.382013182681, 7199.012810316047, 8170.867663272478, 9068.938612959053, 10125.61480848088, 11154.643542678648, 12270.664868426718, 13464.54302507296, 14855.296959059844, 16082.526906453773, 17250.305504849744, 18135.943916737466, 19084.06669064766, 19927.81071069117, 20458.43131967186, 21138.374653610943, 21559.096651800828, 21891.649559510875, 22101.393814409188, 22396.642759493185]
